100
200
11110111111111111101111111111011111010011111111111111111111111111111112011111111111111111111111111111111101111110111111111111101011111101111111211111110111121111111111111011111111011111001111111111111
11111111111111011121111011111111101111111111111111111011121111111121101110111111111111111111110111111111121011111111111011111111111111121110111110111111111111110111111111111111111111111111111100111110
11111011111111111101110111110101111111111101111101111101101111011111111111010111111111111111111111111110111111111111111111111110111111111111111111111010001111111111101111111111111111111111111001101011
01111111011111111100111111111111111111110111110111111100111101111111011011111111110111111111111111111111111011111110111100111111111111111111111011111111111111111111011111111111111111111111111111111111
11111111111111101101120110111111111011111111111011111111111111111111110011111101111111111111111111111111111111111111211111111111111011111111111111110111110111111110111111111111111111111010111111111101
01111101111111101111111111110111111011111112111111111110111111111101111111111111111111111111111111111011111111111111101010211110111111101111111111011101101111101111111111011111111111111111111111111111
10111111111111111111111111011101111111111111010111111111111111111011111111101111101111111111111101111111111011111111111111110111111112111011111111111110110011002111111111111101101111111111111111111111
11101101111111111110111111111111011111101112111101111111111111011110111111111011111110111111111110111011111111111101101101110011110111111111011111111111101111101111111011011111111111111011111111111111
11111101111011111110111121111111111111111112111111111111111111110111111011111101011110011111111111111101111011111111101010111111111111111111101111111111111111111111111111111111111111101111111011111111
11101201011011111110011111111111111111101101111111001110111121111111211111111011111111111111110111111101111011111111010111121111111111011111111011111011111111111111111110212011110021111110111111111111
12110111111111111111111111110111111111111111111111111110110111111111111111011111111111111111011111111111111111111111111111121111111111111111111111111111111111110111101111111111111111111111111111111011
11011101112011111101111111111111111111111111111110011011111111010111011111111111111111101111011111111101111111110111111011111111111111111121111111111010111111111011110111111111011111111111011101111111
11111111111111111111111111111111111111111101011111111111000101101111101111100111111011001111111111111011111111111111111111111101111112110111111101110111110111111111111111111111111111111011101101111011
10101110111111110111111001011111111111111111111101111011111111111111111111110111100111101011111021110111111011111111110111111111110111111111111111111111111110011111111220111011111110111111111111011111
00111111011111111111110111111111101111111111101111111111100001111111011101101111101110110110011111011111111111111111111111111011111011111110111111110111111011111011011011121111110111101111011111110111
11111111110111111111110101211111111110101101011111111111110111111110111111101111111111011011110101111111111111111111101011101112111112111111111011111111111111111011011111111111110011111111111011111110
11111111111111111111111101111111111111111111111111101111111110101111111111111111111111111111111111111011111111111111110111010211111111111111111011111111111110111111111011111011111101111111101101111011
10111111111110111121111111111111101111001101111111111110111111011111111111111111111011110101111111111111111111111111101111111111111111111101111111011111111011111111111011110111111112101111111111111111
11111111111110110110112111101111111111101011101112101011111111111111111111111111111111111101111111111011111111111111111101111111111111101111111111011101111111111100111101111111111111111111111111111111
10110111111111111101110111111111110111021100111111110111110011101110101111111112111111110111111111111111111111211111111001111111111101111111101111110111111101011101112111111011011011121111111111111010
01110111111111111111111111111011111111100010101110101111110111111111111111111111111111001110111011111111111111111111111111111011111111110111111111111110111111011111111111110111101111110211111110010110
11111111111110111111111111111111111101111111111111110111111121111010101100121111111111111101111111211111111111111110110121111011111111010111111011111111111111111111011111111110100121101111101112111111
10111111101111111111111111111111110111111110111111111110011110111111111111111111110101011111111111101111111111111111111111111101111101111211110111110101110011111101111111111111011011111111110111111111
11112101112111111111111211111111111110111111111111111111111111101110111111111111112111101111111101111110111111011101111111110110011111111111111111011021111111011011111111111111111111110111001111111111
11101111101111111101111110111111111111111121111111110011111111111110011111111111111111111111110111010111111111011111111111111111111110111111111111011110111111111111111101101111111121111111111110111111
11111111111111110111011111101111111011101111111011111010101111111011011111111111111111011011111111111111110111111101011111011101111111111111111110111101111111101111101111111111101111111110111100111111
21111111102111110111010101111111111111111111111011111111111111111111011111101111111101110111111100101111112111111111101111111111211111110111111111211011111110111111111111111101101010111111110110110111
10111111111111211112110111111111111111111112010011111011211111111111111101101111011111111111111111111011111111111111111111111011101111111111101111111111111111111211111110111111110211111101111111011001
11110111110101011111111011111111111101101011111111110111112101111011111111111112111111111111111111111111102120110111010111101111110111111111111111111101121111111111011001111111111101111011111111111111
10111111111111111111111011110111111111010111110111111111111111111111211111111011112111111111111110111110211111101111111111111111011111101101110111111111110111011101010111111111111111111101111111111111
11111111111111111100011111111110111111111110110111111111111111011101100111111111111111111111111111111111111111101111111111111111101111111110111111101111111110111100110111111111111111111111111111111111
11011011111110111101111101111111100112111111111111111111111011110001111111111111111111111111111111111111110211211101011111101121111111111101101111110111111101011111110211111101111111111111111011111111
11111111111011110111010011121001110110111111111111111111011111111111111011110111111111111111111111112111101111011111110111111111101111011111111011110211111111100111112101111111111111112111111011101111
11110011111111111111110111110111111110111101121111111111111111001111111111110111111110110111111111111111110111111101111101111111111221111110111210111111111111111111111112110101011111111211111101111112
11111111011111111110011111111110111111111111011110111111111111111111101111111111111111111111111011011101111111121111111110111111111110111110101111111111111211111101110111110111110101111110101111111111
11111112111011111111111111111111011111110111111111111111111011111111111111111111111111111101111011111111111111110111011111111112111111111111001111111111111120111111101011111111111111111001111111011110
11111111110111111110110111111111111101111101111111111111111111111011111111111111111101110011011111111111011101111111101111111111111111011011111111111111001111111111111011111111111011111110111111111111
11111101111111111110111011110111111111111111101011111111111112111111111101111111111111111111111110111101111111111111111211111110011111110111121111111011111111110111111111111111111011111111110111111112
11111111011101111111111111110110111111111110101111111111110111011111111011111110011111111111111112111110111111111111011011111111011110111111101111101111101001011111211111111111111110010011111111111111
11101111111111111100111001211111111111111101101111111111101111011111111110011111111111111110121111111111111111111111111111101111011111112111100110111111111111011011111011001111011111111111111111111111
11111111111111111111111110111110101111111111002011011111101111111111111101111111111111110101111101110011111111111111101111111111111110111111100111111111111110011111111111101111011111111110111111111110
11111111201111111111111111111111111101111101111111011111111111111101111111110110101111111111111111111111111111111111111111111111110110111121111111111111111011101111121101101111101111111011111111111111
11111111111111111111111001111110111111111101011111111111111111111121111101011100111111111111111121110111010111111111111010110111111111112011111001110111111111121101110111111111111121111111111111111111
10111111111111111111111111110111011110111111102111101111110111111111111110110112111111111111111111111111011111111111111111101111111111111101110121101111121111111111101111111111111100211111011011111111
12111110111101111111111111111111111110111111111111110111110111111111110111111111111211111111011111111111011111111111011111211011111101110111101111111111111111110101111011111111011111111111111110110111
11100001011111111010101111101111111111011111111111111111110111111011111011011111111111111111101111111011111111111111111111110101111111101111111111111101112111111111111111112111011111111111111111101111
11111111111111111111111011111101111111111111111111111101111111111011111111010111111111110111111111111111101111111101111111111110111111011110111011111111101111111111110111111011111011111111111111111111
11011110111111111111011111111121111111111111111111111111111121111111111111111111110110101111110110111111111111011111110111111111111111101111111111111111111011111111110111111111111111111110111111111111
11111111111111111111111111111011111010111111111111101111111111111111011112111111110101111011111111111101111111111111211111011111111111100110111110011111111111111011111111111110111101111110111101100111
11211111011101111111111111110010111111101111111111111111111111111111111110111010011111111111111111111111111111011111111111110000110201111111111110111111101110111111111121011111111111101101111111111101
11111111111011111111111110111101101111111111012111111101111111111111111111111111110111100111101111001111111111111111111111101110111111111111111111111111111111111111111111101110110111111011112111111111
11110101111111101111111011111111111111111011111111111111111111110111111111111100120111111111111111111111011110111111111101101110111010111011111111111111111111111111011011111110111111011111101110100111
10111111111110111111111111111111011111111111111011101110111111110111111110110121111111111111111111111011111101111110101101111111111111111111111111111111111111111111011011111111110101111111111111111110
01111101111111111111111011110111111111111111111011111111011111111101011111111111111111111111211011011111101111110111111101101011101101111111111111111111111111111110111101111111111111111111111111111001
11211110101111111111111111111111111111111111111110111011111101101111111111111111111111111110110111111100111011111111211110011111111110111111111110111111011111111111011111111111112111110111110111111111
21111111111111111111111111111111111112111111110111111111111101101111111111111111111101111101111111112111111111111101211111111111111111111011111111211111110111111110111111111111111111110112111110111101
11101111111111211122111111110101111111111101110111111101111111111011111111111101011111111101111111111101111111110111111111011111111111111111110111101111100111111111111101111111111110101111111111111111
11111111110111111011111012111111111111111111111111111111111111111111101111111111111120111111111111111111111111111111101111111111111111110101111111111101111111011111111111110111111111011121101110111110
11111101011111110111111111011111111111121011101101011120110011110111111111111111101111111111102111111111111111121111111111010111111110111111111111111011111111111111111111111111111111101110111111110111
11101111101111100111111111111111111111011111011111211111011011110110111111111110111111001111110111111011111111111111101111111211111111111111111111101111111111111021111001120111110111111111111011111111
11111101111111111111111011111011011111111111111111111111110111111111011111101111111101011111001111111111110001101111111111110121101111111101111111111111110111111111111111111111111111211111111110110111
11111111111112111111101111010111111111111101111101110101111111111111111110110111101111111211111111111110111111100101110111011111111111111111111111112111111011011111111111111111110111111110111111111100
11111011111111111111111111111111111111111111101111111111111110111101111111111111111111011111011111111111111111101111111111111111111111111111111101111112111111211110111111111111111111111111101111111111
11111111111011111010111011111111110111111111011111111110011111111110111121001111111100110111111111111111111110111100111111011111111111111111111111111111110111111011111111011011111011111111111111111101
10100111111111111110011111111111111110110111110011011110011111111101111110111111011111111111111111010011111111111010111211101111011111011111011111111111101111111111111111111111111110101111110111110111
11110102001111110111111111211111111111111111102111111111111101100110111111111111111111111110111111111111111100111111111111111110111111111111111111111111111111111101111111111111111111111111011111111011
11110110111111110111111111111011011111011111110111111111211111111111111111111000111111010111212111111111121111111111111211101111011010111122101111111101111111010101111111111111111111111111111111111111
11111011021111111111111111111111012111111111111121111111111110100101121110011111111111111011110111111111111111111111011111111111110111111111111101111111211101111111111111111011111111111011100011111111
11011111111111111111111111111111111111011111111101110111100111112111101111111011101101111110110111101112111211111112111111111111111111111111110110111110111111111111111111111111111011111110111110111111
11101111111111011101111011111011011101111011111111112111111111111121111021111111111111211111111111101011110111111211111111101111111110111101111111111011111111111111111111211111101111001011111001111111
11111110101111111101011111111111111111111111111111111111111110112111111111111111111111111122111111110011111101111111110111111111111111101110111011011111111111101111111112111011111111111111111111101111
11111111111111011101111111111101111111011001011111111111110110111112111111111111111002001010111111111001011111110111111111011111111111111111111111111111111111111110110111111111111101111111111201111111
21110111111110211112011111111011111121111111111111111111111111110100111111121001111111111111111111111112111110111110111111111111111100110111111102111111111011111211111111010111011111101110111111111111
11111101111111111111111101111111111111111111001111111111111111111111111111111111111112211111111111110111011111111101111111111111111100111111111121011111011111111101111111111111111011011111111111111111
11111111110111111111110111111111110001111110111011110101110101111111111111111111111111211111111101111111111111111110111110110101110111111101111111011101111101011111111111121111111111111111110120000111
11111111111111111111001111011111111211011011111110111111121111111111101111101111110011111111111111111111111011111011111111111111111111111111111111111021111110111121111011111111111111111111111110111111
11111111111111101101101011111011111111101111100111110111110111101111211101111101111111111011111111110110111111111111111111201211111011011111111121111111110111111111101111111111111110111111111111111101
11111011111111111111111111110110111011111111111111110110011111110111111111110111112111111112111101111110011111110111011111101111111101111111110111011110111011211111111010111101111101111100011011111111
11111111121101111111011010111111111111111110111111111111111011101111111111111111111112111111111111101111111101111111111101111111111110111121011111111111111111101111011100111111011101111111110111011111
11111111211111110111111111111111111111110011111111111111101111110111010111111101111111111111110110011011111110111111101111011111111111111111111011111111111101111111111111111211001111111111111111111111
11111111101111111110011111111111101111110011010111211111111110111111110110101111111110111111111111111101111111111111111011011111101101111111111111111210111111111100111110111100110110111111111211101111
11111111111111101101100111111111111111111111011111111111111211111011111111111111011111011111111111111111111111111111111101011121111001111111110111111111110011111111111111011111111111110111111111111111
11111111111111111111111111110011111111111111111111111121201112111111111111111111011112111111111111111101111011111111111121111111102111111111111111111110111111111111111111011111111111111100111111111111
11101111111011111111111111111111111111110101111110111111111011111011112112011011111111111111111111111111111111111111211111011111111101101111111111111111111111111101111111111111111111101111111111111112
11111101111211011111110110211111111111110011111111111011211011111111111111011101111101101111111111101111111111011111111120111111111110111111111111111111111111111111011011111111001111111111111011111111
11110011100110110111111111110111101101100111101111111110111111121111111111101111011111111111111111111111111110121110111111111111011111110111111111210111110110011111111111011110111111001111111111111011
11101111111111112101010111111111110111111111111211111111101111011111111111111111111111111121100111111110101111111111111111011111111111111111111111111111111112011111111111111111111111121111111110111111
10111110111111011111111011111111111101111111111111111211111111111110010111101111111011111111111111111110201001111111111011111111111111111111101110111111111111111011111111110111110111111111110111111111
11111011111112111111111111001111111111111111111111111111121111111111111011111111111111001111111111111111101111111111111111111111111111011111111101011111111111111111111111111111111111111101011111010111
11111111111011111111111111111111101111011111111111100111110111111111101111111110111011011111110111111011111111111101111111011111111110111111111111111111111111111101110110101111111111111111111100111210
11111211110111111111111111011101111101111101111111121111111111111111111111111111111111111101111101011111111110101111111111111111111111111101111111111111111211110111011111211101111211011111111111111101
11011111111110111111111111111111111101111111111111112111111011101001111101011111111102111011111101111111101111101111111111111011111111111201111111111112111111011111111111111111111111101111111111111111
11101110011111110111111111111111111011111111111111001111111111011111011111111111111111111111111111111111111111111110111111011111101120211111111111121111111111111211111101111111111111111111111111111111
11111011011111110011111110111110111011111111111110112111111111111101111111111111111111111121011111111011111112111101012111111111111111111111111111111111111111011111111111111111111011111111111111011111
10111111011011111111111111111111111111011111111101111010111111111111111011111111111111101111101111111111111111111111111111111111111110111111111111111011111111111111111111111111011101101111001101101111
11011020111211111111101011111121111111111110111111111110110111111110110111011111111111111011111111111111111111111111111111111011111111111211111111111111110111011111111111111111111111110112111111111111
11111111111111011111111111111112111111111111101111211111121111111101111111111111100111111111111111111111111211111011111111111111011111011111111111111111011111011111011111100110111111111111111111111111
11111110211111011110111111111111110111111111111111111111111211111111111101111111111111111111101111111111101111111111111112101111111101011101111011111110011111111111111111011111101111011111011110111111
11111111111110111111001111111111110111111101101111110111111110111101111111111111111111111101110111111011111111111111111111111111111111111111001111111111111111111111111111111111111111111111111011110111
11111111111101111111111101010001101111011011111111110111111111111110010111111011111111011111111101111011101111101111111101111110111111111101111101111111111111111110112111111111011111201111121111111111
